x: 30.000001
y: 40.999999
z: 41.051999
